[3229, 3223, 3215, 3204, 3190, 3169, 3142, 3117, 3086, 3047, 3041, 3016, 3006, 2980, 2976, 2959, 2938, 2921, 2921, 2921, 2921, 2921]
[3275, 3267, 3254, 3233, 3207, 3180, 3156, 3121, 3082, 3050, 3003, 2956, 2905, 2844, 2777, 2727, 2663, 2582, 2500, 2452, 2398, 2338, 2271, 2207, 2142, 2073, 2000, 1925, 1882, 1820, 1755, 1700, 1622, 1543, 1462, 1374, 1285, 1194, 1097, 1006, 909, 835, 795, 753, 716, 686, 665, 661, 656, 651, 646, 645, 643, 640, 637, 633, 629, 626, 622, 617, 610, 603, 594, 587, 582, 582, 582, 582]
[3282, 3270, 3262, 3252, 3241, 3227, 3212, 3198, 3179, 3158, 3139, 3117, 3087, 3055, 3018, 2984, 2944, 2897, 2845, 2791, 2744, 2685, 2622, 2561, 2495, 2425, 2370, 2325, 2283, 2240, 2199, 2181, 2165, 2139, 2111, 2077, 2057, 2031, 2018, 1998, 1978, 1966, 1953, 1939, 1922, 1906, 1891, 1875, 1860, 1843, 1824, 1804, 1780, 1770, 1756, 1746, 1743, 1738, 1733, 1725, 1715, 1710, 1704, 1699, 1693, 1687, 1681, 1681, 1677, 1677, 1677, 1677]
[3275, 3270, 3262, 3258, 3253, 3248, 3239, 3231, 3223, 3215, 3203, 3199, 3193, 3185, 3177, 3168, 3160, 3148, 3136, 3123, 3105, 3085, 3071, 3053, 3030, 3010, 2996, 2973, 2948, 2917, 2886, 2859, 2831, 2798, 2767, 2739, 2702, 2668, 2633, 2595, 2557, 2553, 2543, 2531, 2517, 2503, 2487, 2468, 2442, 2415, 2407, 2386, 2366, 2337, 2298, 2256, 2213, 2166, 2122, 2067, 2010, 1967, 1918, 1867, 1811, 1754, 1701, 1652, 1598, 1549, 1519, 1469, 1414, 1405, 1397, 1396, 1395, 1392, 1392]
[3255, 3254, 3252, 3250, 3246, 3237, 3230, 3227, 3223, 3219, 3215, 3211, 3202, 3192, 3184, 3173, 3160, 3143, 3130, 3112, 3087, 3066, 3042, 3016, 2992, 2962, 2936, 2908, 2875, 2835, 2807, 2764, 2743, 2727, 2708, 2686, 2669, 2653, 2641, 2624, 2608, 2602, 2592, 2583, 2571, 2559, 2548, 2544, 2537, 2533, 2525, 2512, 2507, 2505, 2500, 2493, 2487, 2479, 2466, 2445, 2424, 2402, 2380, 2357, 2336, 2314, 2287, 2280, 2269, 2258, 2246, 2228, 2207, 2192, 2174, 2150, 2145, 2138, 2132, 2125, 2117, 2108, 2096, 2081, 2069, 2069]



parbre : 0.1

[401, 401, 401]
[396]
[411, 411, 411]
[396, 396, 396]
[405]
[439]
[425, 423, 421, 420, 420]
[402, 402, 402, 402, 402]
[379, 379, 379]
[433, 433]

parbre : 0.2

[905, 904, 902, 898, 897, 895, 895, 895, 895, 895, 895, 895]
[821, 821]
[792, 790, 790]
[856, 856]
[805]
[798, 796, 796]
[808, 808, 808]
[817, 817, 817, 817, 817, 817]
[836]
[810, 806, 803, 803, 803, 803]

parbre : 0.3

[1186, 1184, 1182, 1178, 1175, 1172, 1169, 1167, 1163, 1161, 1160, 1160, 1160, 1160, 1160]
[1250]
[1214, 1212, 1211, 1211, 1211, 1211]
[1234, 1232, 1231, 1230, 1230]
[1255, 1249, 1243, 1237, 1230, 1226, 1222, 1217, 1213, 1210, 1209, 1209, 1209]
[1216, 1215, 1214, 1214]
[1226, 1226, 1226, 1226]
[1229, 1227, 1226, 1224, 1224]
[1244, 1239, 1235, 1232, 1232, 1232]
[1247]

parbre : 0.4

[1586, 1584, 1581, 1579, 1578, 1577, 1576, 1574, 1572, 1569, 1564, 1562, 1561, 1559, 1557, 1557, 1557, 1557, 1557]
[1633, 1630, 1626, 1625, 1623, 1621, 1617, 1613, 1608, 1602, 1595, 1593, 1592, 1591, 1590, 1589, 1589]
[1626, 1625, 1624, 1620, 1619, 1618, 1618, 1617, 1616, 1616]
[1633, 1633, 1633]
[1583, 1582, 1581, 1581]
[1651, 1649, 1647, 1646, 1645, 1645]
[1679, 1678, 1675, 1673, 1669, 1663, 1660, 1655, 1648, 1643, 1636, 1633, 1633]
[1619, 1618, 1616, 1616, 1616, 1616]
[1591, 1588, 1585, 1579, 1575, 1571, 1567, 1563, 1561, 1561, 1561]
[1679, 1679]

parbre : 0.5

[2060, 2054, 2045, 2030, 2016, 2009, 2000, 1985, 1976, 1968, 1962, 1956, 1953, 1949, 1946, 1944, 1940, 1936, 1932, 1929, 1927, 1924, 1920, 1916, 1913, 1908, 1903, 1902, 1901, 1900, 1898, 1896, 1894, 1893, 1890, 1887, 1882, 1876, 1872, 1867, 1867]
[2060, 2060]
[2021, 2019, 2017, 2013, 2007, 2006, 2002, 1997, 1995, 1991, 1986, 1983, 1979, 1975, 1970, 1965, 1958, 1952, 1952]
[2081, 2079, 2075, 2070, 2066, 2065, 2064, 2062, 2059, 2057, 2055, 2054, 2053, 2053]
[1990, 1988, 1986, 1984, 1981, 1981]
[2024, 2018, 2018]
[2003, 1999, 1993, 1987, 1987, 1987]
[1997, 1992, 1992]
[2070, 2068, 2067, 2066, 2066]
[1971, 1966, 1961, 1961]

parbre : 0.6

[2494, 2486, 2479, 2472, 2462, 2452, 2441, 2429, 2426, 2420, 2417, 2412, 2409, 2401, 2391, 2375, 2357, 2346, 2333, 2320, 2305, 2287, 2268, 2251, 2235, 2215, 2190, 2158, 2126, 2096, 2066, 2041, 2013, 1988, 1961, 1933, 1897, 1851, 1806, 1760, 1713, 1670, 1629, 1585, 1536, 1485, 1431, 1376, 1319, 1264, 1206, 1170, 1134, 1100, 1070, 1060, 1051, 1042, 1031, 1014, 997, 981, 961, 933, 902, 872, 837, 802, 792, 780, 764, 745, 730, 713, 696, 678, 665, 652, 637, 635, 633, 630, 627, 625, 622, 619, 613, 609, 603, 596, 587, 583, 576, 566, 559, 556, 552, 548, 546, 544, 542, 542, 542, 542, 542, 542]
[2446, 2439, 2430, 2419, 2403, 2387, 2373, 2356, 2341, 2323, 2298, 2273, 2248, 2224, 2196, 2180, 2161, 2141, 2116, 2094, 2062, 2040, 2015, 1986, 1955, 1927, 1889, 1847, 1802, 1761, 1720, 1683, 1641, 1596, 1560, 1525, 1483, 1439, 1398, 1362, 1329, 1290, 1249, 1209, 1157, 1108, 1051, 1001, 956, 899, 841, 792, 744, 701, 652, 607, 547, 524, 498, 475, 449, 430, 417, 404, 390, 379, 376, 369, 360, 350, 337, 330, 324, 319, 317, 315, 313, 310, 307, 305, 302, 300, 300, 300, 300, 300, 300, 300, 300, 300]
[2457, 2452, 2447, 2443, 2438, 2436, 2433, 2427, 2422, 2419, 2411, 2401, 2390, 2378, 2369, 2361, 2348, 2338, 2324, 2308, 2289, 2273, 2252, 2234, 2215, 2201, 2177, 2154, 2134, 2113, 2088, 2073, 2064, 2052, 2036, 2034, 2029, 2025, 2020, 2012, 2002, 1993, 1988, 1983, 1981, 1980, 1978, 1975, 1973, 1971, 1970, 1969, 1968, 1968, 1968, 1968, 1968, 1968, 1968]
[2425, 2417, 2411, 2405, 2396, 2378, 2364, 2351, 2335, 2323, 2309, 2297, 2281, 2263, 2260, 2255, 2247, 2240, 2234, 2229, 2229]
[2437]
[2469, 2464, 2455, 2455]
[2455, 2451, 2445, 2434, 2420, 2402, 2379, 2377, 2372, 2364, 2358, 2348, 2335, 2323, 2312, 2294, 2273, 2257, 2240, 2219, 2199, 2199, 2197, 2192, 2186, 2185, 2182, 2181, 2180, 2180, 2180, 2180, 2180]
[2464, 2458, 2449, 2437, 2426, 2415, 2401, 2384, 2372, 2356, 2340, 2321, 2290, 2256, 2219, 2187, 2156, 2119, 2083, 2051, 2020, 1977, 1923, 1877, 1835, 1796, 1755, 1719, 1681, 1679, 1670, 1670, 1668, 1666, 1664, 1662, 1662]
[2435, 2430, 2426, 2422, 2421, 2421, 2421, 2421]
[2456, 2452, 2448, 2444, 2439, 2429, 2421, 2410, 2396, 2390, 2378, 2363, 2348, 2332, 2316, 2302, 2288, 2285, 2280, 2275, 2267, 2258, 2252, 2247, 2239, 2231, 2224, 2224]


parbre : 0.7

[2847, 2843, 2840, 2836, 2835, 2834, 2833, 2830, 2829, 2827, 2825, 2824, 2823, 2822, 2821, 2820, 2819, 2817, 2817]
[2896, 2886, 2871, 2853, 2834, 2821, 2810, 2797, 2779, 2763, 2747, 2730, 2711, 2686, 2660, 2634, 2606, 2575, 2540, 2506, 2468, 2420, 2371, 2338, 2326, 2314, 2309, 2300, 2292, 2283, 2274, 2260, 2244, 2229, 2214, 2192, 2167, 2139, 2108, 2074, 2036, 1994, 1952, 1911, 1871, 1838, 1802, 1769, 1735, 1705, 1671, 1638, 1605, 1570, 1531, 1516, 1487, 1454, 1444, 1428, 1408, 1399, 1385, 1366, 1345, 1323, 1305, 1286, 1264, 1254, 1243, 1233, 1219, 1207, 1191, 1174, 1154, 1135, 1133, 1129, 1123, 1116, 1112, 1112, 1112]
[2866, 2859, 2856, 2849, 2841, 2831, 2815, 2801, 2790, 2786, 2785, 2783, 2782, 2780, 2778, 2777, 2776, 2776, 2776]
[2842, 2840, 2835, 2829, 2828, 2824, 2824]
[2895, 2895]
[2826, 2822, 2814, 2803, 2786, 2776, 2755, 2738, 2724, 2711, 2693, 2670, 2647, 2621, 2584, 2577, 2550, 2526, 2487, 2446, 2400, 2349, 2292, 2229, 2182, 2129, 2083, 2025, 2011, 2011]
[2869, 2859, 2847, 2827, 2811, 2792, 2783, 2765, 2740, 2712, 2686, 2669, 2663, 2644, 2619, 2594, 2589, 2579, 2568, 2554, 2535, 2508, 2475, 2435, 2400, 2380, 2351, 2320, 2282, 2242, 2242, 2241, 2239, 2234, 2226, 2217, 2214, 2208, 2200, 2194, 2191, 2190, 2190, 2190, 2190, 2190, 2190, 2190, 2190, 2190, 2190]
[2825, 2816, 2806, 2799, 2795, 2795]
[2854, 2850, 2839, 2825, 2823, 2819, 2813, 2813, 2813, 2813]
[2850, 2842, 2835, 2822, 2807, 2790, 2765, 2738, 2706, 2676, 2642, 2609, 2561, 2556, 2537, 2519, 2501, 2486, 2467, 2449, 2428, 2421, 2418, 2414, 2413, 2412, 2411, 2410, 2407, 2406, 2404, 2401, 2396, 2391, 2387, 2383, 2383, 2383, 2382, 2380, 2377, 2372, 2372]


parbre : 0.8

[3233, 3233]
[3297, 3290, 3284, 3277, 3266, 3255, 3242, 3227, 3211, 3189, 3165, 3142, 3115, 3089, 3062, 3032, 3002, 2959, 2918, 2883, 2845, 2806, 2764, 2725, 2676, 2621, 2567, 2520, 2469, 2411, 2343, 2279, 2205, 2156, 2127, 2084, 2042, 1988, 1932, 1889, 1821, 1751, 1684, 1626, 1564, 1492, 1451, 1412, 1378, 1339, 1299, 1269, 1252, 1234, 1212, 1181, 1152, 1131, 1112, 1095, 1081, 1068, 1055, 1044, 1030, 1015, 999, 989, 979, 970, 960, 946, 931, 913, 890, 870, 848, 822, 794, 793, 792, 790, 790]
[3266, 3258, 3249, 3232, 3208, 3178, 3145, 3108, 3066, 3025, 3003, 2965, 2923, 2883, 2854, 2838, 2816, 2790, 2763, 2735, 2711, 2698, 2682, 2662, 2644, 2629, 2613, 2591, 2586, 2581, 2574, 2568, 2561, 2553, 2547, 2540, 2537, 2531, 2525, 2520, 2516, 2513, 2508, 2505, 2501, 2494, 2487, 2481, 2481, 2479, 2479, 2479, 2479]
[3238, 3229, 3215, 3204, 3188, 3172, 3158, 3141, 3125, 3111, 3092, 3067, 3041, 3018, 2987, 2953, 2923, 2893, 2880, 2855, 2820, 2780, 2745, 2714, 2686, 2677, 2673, 2660, 2638, 2613, 2576, 2529, 2483, 2433, 2376, 2318, 2265, 2206, 2150, 2074, 2027, 1964, 1903, 1848, 1815, 1775, 1739, 1716, 1691, 1664, 1645, 1619, 1595, 1569, 1538, 1505, 1482, 1452, 1420, 1391, 1361, 1330, 1301, 1280, 1264, 1253, 1240, 1222, 1211, 1200, 1187, 1186, 1186, 1186, 1186]
[3321, 3312, 3297, 3278, 3257, 3242, 3212, 3185, 3158, 3153, 3140, 3120, 3102, 3083, 3059, 3038, 3019, 3004, 3001, 2999, 2992, 2983, 2979, 2971, 2960, 2944, 2937, 2925, 2918, 2912, 2911, 2910, 2908, 2903, 2898, 2894, 2890, 2884, 2875, 2866, 2858, 2856, 2854, 2851, 2847, 2842, 2837, 2830, 2821, 2812, 2804, 2804, 2801, 2796, 2789, 2784, 2775, 2763, 2749, 2733, 2719, 2699, 2676, 2653, 2644, 2629, 2611, 2592, 2571, 2549, 2528, 2507, 2486, 2460, 2433, 2412, 2387, 2365, 2343, 2317, 2283, 2251, 2225, 2192, 2161, 2124, 2122, 2122, 2121, 2121]
[3322, 3315, 3307, 3292, 3274, 3252, 3226, 3195, 3167, 3137, 3090, 3040, 2989, 2929, 2868, 2794, 2713, 2667, 2602, 2579, 2523, 2461, 2384, 2299, 2207, 2111, 2036, 1968, 1902, 1837, 1811, 1766, 1757, 1743, 1733, 1726, 1718, 1713, 1712, 1705, 1702, 1699, 1699]
[3309, 3307, 3303, 3299, 3295, 3295, 3295]
[3312, 3309, 3302, 3291, 3276, 3257, 3237, 3207, 3174, 3170, 3160, 3147, 3138, 3126, 3106, 3082, 3068, 3042, 3016, 2984, 2948, 2903, 2866, 2820, 2782, 2736, 2682, 2649, 2609, 2580, 2537, 2519, 2476, 2425, 2385, 2330, 2277, 2223, 2178, 2126, 2060, 2037, 2011, 1999, 1979, 1968, 1958, 1938, 1920, 1911, 1901, 1888, 1871, 1857, 1850, 1843, 1842, 1839, 1835, 1834, 1828, 1825, 1822, 1819, 1816, 1814, 1809, 1803, 1795, 1786, 1779, 1768, 1757, 1748, 1745, 1734, 1724, 1711, 1700, 1689, 1675, 1652, 1628, 1608, 1587, 1587]
[3281, 3273, 3273]
[3234, 3223, 3207, 3186, 3162, 3133, 3103, 3070, 3041, 3031, 3009, 2986, 2958, 2927, 2894, 2865, 2860, 2857, 2849, 2835, 2823, 2802, 2779, 2750, 2720, 2693, 2661, 2654, 2639, 2625, 2607, 2595, 2573, 2555, 2534, 2510, 2491, 2459, 2427, 2395, 2367, 2356, 2327, 2295, 2257, 2230, 2184, 2145, 2105, 2058, 2014, 1971, 1931, 1883, 1837, 1785, 1724, 1691, 1662, 1635, 1608, 1581, 1547, 1510, 1474, 1442, 1412, 1379, 1372, 1352, 1323, 1295, 1260, 1258, 1257, 1254, 1251, 1245, 1237, 1231, 1222, 1213, 1202, 1189, 1173, 1154, 1136, 1117, 1113, 1104, 1092, 1080, 1060, 1041, 1020, 1004, 985, 966, 954, 936, 913, 890, 870, 853, 849, 835, 833, 830, 830]
[3277, 3269, 3253, 3235, 3233, 3227, 3218, 3208, 3194, 3174, 3153, 3128, 3100, 3066, 3033, 3008, 2973, 2935, 2894, 2887, 2859, 2831, 2801, 2768, 2764, 2760, 2752, 2746, 2736, 2725, 2713, 2697, 2680, 2653, 2623, 2588, 2553, 2514, 2466, 2415, 2371, 2316, 2256, 2186, 2160, 2110, 2059, 2001, 1968, 1928, 1886, 1838, 1810, 1788, 1761, 1742, 1722, 1697, 1675, 1675, 1675, 1675, 1675]

parbre : 0.9

[3666, 3656, 3640, 3623, 3597, 3577, 3549, 3518, 3480, 3451, 3420, 3389, 3378, 3360, 3341, 3313, 3287, 3279, 3266, 3259, 3249, 3238, 3224, 3211, 3207, 3206, 3203, 3197, 3189, 3180, 3169, 3166, 3161, 3157, 3150, 3142, 3135, 3123, 3109, 3096, 3082, 3080, 3073, 3070, 3061, 3049, 3032, 3013, 2987, 2963, 2944, 2944, 2943, 2942, 2940, 2935, 2931, 2926, 2921, 2915, 2910, 2904, 2896, 2896, 2896]
[3681, 3671, 3655, 3641, 3624, 3601, 3588, 3573, 3549, 3521, 3494, 3462, 3427, 3390, 3352, 3322, 3285, 3245, 3202, 3186, 3169, 3162, 3155, 3146, 3137, 3125, 3114, 3110, 3106, 3101, 3097, 3094, 3093, 3089, 3088, 3087, 3085, 3080, 3079, 3077, 3075, 3075]
[3677, 3666, 3658, 3643, 3622, 3595, 3564, 3525, 3498, 3466, 3423, 3384, 3346, 3302, 3255, 3205, 3155, 3097, 3065, 3023, 2975, 2923, 2870, 2834, 2786, 2736, 2693, 2633, 2570, 2507, 2445, 2378, 2308, 2251, 2220, 2198, 2175, 2147, 2122, 2092, 2064, 2034, 2003, 1974, 1938, 1902, 1865, 1844, 1818, 1795, 1770, 1749, 1742, 1733, 1724, 1716, 1706, 1697, 1686, 1675, 1675, 1675, 1675]
[3714, 3704, 3689, 3668, 3645, 3617, 3578, 3536, 3494, 3452, 3411, 3372, 3330, 3290, 3258, 3225, 3191, 3153, 3113, 3067, 3020, 2967, 2914, 2860, 2805, 2744, 2688, 2622, 2552, 2471, 2396, 2319, 2257, 2191, 2123, 2060, 1989, 1921, 1842, 1768, 1689, 1603, 1517, 1431, 1340, 1242, 1148, 1048, 943, 843, 735, 615, 499, 380, 256, 168, 163, 156, 156, 156]
[3668, 3656, 3638, 3616, 3590, 3570, 3540, 3512, 3478, 3431, 3399, 3369, 3335, 3299, 3259, 3218, 3172, 3156, 3127, 3090, 3047, 2994, 2978, 2951, 2914, 2869, 2820, 2775, 2730, 2723, 2710, 2692, 2668, 2647, 2623, 2592, 2564, 2536, 2510, 2489, 2462, 2432, 2427, 2412, 2391, 2364, 2341, 2315, 2288, 2255, 2224, 2192, 2160, 2123, 2096, 2059, 2011, 1964, 1962, 1956, 1945, 1928, 1907, 1882, 1877, 1872, 1863, 1849, 1849]
[3706, 3696, 3679, 3656, 3629, 3595, 3555, 3513, 3462, 3407, 3345, 3284, 3218, 3143, 3059, 2974, 2886, 2789, 2727, 2664, 2591, 2525, 2454, 2384, 2312, 2233, 2149, 2066, 1978, 1883, 1783, 1679, 1572, 1497, 1411, 1309, 1202, 1092, 1023, 938, 849, 750, 717, 705, 697, 691, 685, 678, 676, 672, 669, 668, 667, 665, 663, 661, 657, 653, 648, 643, 638, 631, 624, 618, 610, 609, 606, 605, 602, 600, 597, 596, 595, 594, 594]
[3702, 3690, 3673, 3656, 3636, 3608, 3571, 3527, 3481, 3423, 3390, 3355, 3332, 3308, 3291, 3271, 3254, 3238, 3221, 3214, 3204, 3193, 3179, 3166, 3150, 3132, 3116, 3096, 3076, 3054, 3032, 3007, 2998, 2986, 2970, 2960, 2946, 2928, 2910, 2889, 2863, 2834, 2803, 2769, 2734, 2693, 2648, 2600, 2557, 2507, 2455, 2400, 2345, 2341, 2327, 2303, 2298, 2294, 2285, 2272, 2259, 2253, 2250, 2245, 2238, 2237, 2233, 2227, 2219, 2210, 2201, 2190, 2178, 2162, 2148, 2137, 2137, 2133, 2126, 2115, 2098, 2094, 2090, 2087, 2083, 2083]
[3707, 3705, 3699, 3688, 3672, 3650, 3637, 3619, 3600, 3581, 3557, 3536, 3527, 3511, 3493, 3461, 3424, 3415, 3402, 3382, 3356, 3330, 3298, 3267, 3239, 3195, 3154, 3150, 3129, 3102, 3067, 3025, 3016, 2998, 2983, 2966, 2945, 2920, 2886, 2856, 2824, 2821, 2814, 2804, 2794, 2793, 2787, 2775, 2756, 2732, 2724, 2720, 2716, 2710, 2708, 2705, 2700, 2699, 2696, 2692, 2687, 2677, 2667, 2654, 2639, 2623, 2602, 2580, 2556, 2549, 2536, 2521, 2497, 2473, 2446, 2423, 2396, 2363, 2328, 2287, 2240, 2188, 2126, 2067, 2012, 1965, 1925, 1879, 1827, 1774, 1724, 1674, 1621, 1562, 1508, 1448, 1440, 1428, 1414, 1396, 1384, 1370, 1358, 1345, 1332, 1320, 1313, 1306, 1297, 1287, 1276, 1275, 1274, 1272, 1269, 1266, 1261, 1256, 1249, 1241, 1234, 1228, 1221, 1211, 1201, 1188, 1173, 1157, 1139, 1134, 1128, 1123, 1117, 1116, 1115, 1113, 1110, 1107, 1104, 1100, 1097, 1093, 1089, 1085, 1078, 1069, 1061, 1052, 1052, 1051, 1048, 1047, 1045, 1045]


parbre : 1.0

[4089, 4082, 4069, 4050, 4023, 3996, 3965, 3931, 3894, 3854, 3811, 3783, 3746, 3702, 3650, 3593, 3532, 3466, 3400, 3331, 3259, 3184, 3135, 3079, 3018, 2949, 2875, 2793, 2728, 2656, 2577, 2505, 2428, 2346, 2257, 2163, 2079, 1992, 1902, 1805, 1703, 1596, 1484, 1365, 1292, 1214, 1136, 1058, 981, 935, 880, 816, 744, 669, 626, 580, 529, 473, 453, 432, 412, 390, 367, 342, 316, 306, 292, 274, 253, 237, 223, 211, 198, 184, 169, 153, 136, 118, 99, 79, 69, 60, 52, 49, 47, 46, 46, 46]
[4089, 4077, 4059, 4044, 4027, 4008, 3983, 3952, 3913, 3868, 3815, 3756, 3711, 3659, 3601, 3535, 3463, 3383, 3297, 3203, 3103, 2995, 2881, 2759, 2631, 2518, 2442, 2365, 2342, 2318, 2292, 2263, 2232, 2198, 2162, 2121, 2077, 2028, 2000, 1970, 1970, 1970, 1970, 1970, 1970, 1970]
[4089, 4077, 4066, 4049, 4026, 3995, 3958, 3913, 3862, 3804, 3740, 3670, 3607, 3541, 3472, 3402, 3333, 3286, 3236, 3183, 3126, 3066, 3002, 2935, 2864, 2790, 2712, 2631, 2546, 2458, 2366, 2292, 2213, 2134, 2054, 1967, 1873, 1771, 1679, 1582, 1489, 1395, 1296, 1198, 1099, 996, 888, 774, 657, 533, 404, 311, 280, 249, 220, 195, 173, 171, 167, 159, 146, 146, 146, 146]
[4089, 4077, 4059, 4035, 4005, 3970, 3931, 3888, 3841, 3790, 3735, 3676, 3613, 3546, 3475, 3400, 3321, 3238, 3151, 3060, 2965, 2866, 2763, 2656, 2557, 2456, 2349, 2242, 2128, 2008, 1909, 1806, 1699, 1619, 1539, 1458, 1380, 1304, 1232, 1161, 1093, 1026, 961, 896, 832, 768, 704, 640, 576, 512, 448, 384, 320, 256, 192, 128, 64, 0, 0, 0, 0, 0, 0, 0]
[4089, 4077, 4066, 4048, 4024, 3992, 3954, 3908, 3856, 3798, 3734, 3676, 3615, 3551, 3484, 3414, 3370, 3325, 3277, 3226, 3171, 3113, 3051, 2986, 2917, 2883, 2847, 2810, 2788, 2763, 2735, 2703, 2672, 2651, 2625, 2605, 2584, 2562, 2538, 2513, 2486, 2458, 2428, 2397, 2364, 2330, 2294, 2257, 2218, 2199, 2179, 2161, 2160, 2159, 2157, 2155, 2152, 2148, 2144, 2139, 2134, 2128, 2128, 2126, 2122, 2115, 2106, 2096, 2086, 2076, 2066, 2056, 2045, 2045, 2043, 2039, 2032, 2021, 2017, 2009, 2003, 1992, 1980, 1967, 1953, 1939, 1924, 1907, 1886, 1865, 1862, 1855, 1844, 1827, 1806, 1782, 1760, 1739, 1718, 1694, 1668, 1665, 1660, 1653, 1646, 1638, 1629, 1619, 1606, 1591, 1573, 1553, 1530, 1526, 1520, 1512, 1500, 1487, 1486, 1485, 1483, 1480, 1476, 1471, 1465, 1458, 1450, 1450]
[4089, 4077, 4059, 4035, 4005, 3969, 3927, 3879, 3825, 3786, 3739, 3686, 3637, 3582, 3521, 3452, 3377, 3294, 3244, 3190, 3132, 3100, 3064, 3024, 2993, 2961, 2925, 2886, 2841, 2793, 2739, 2684, 2628, 2573, 2515, 2456, 2394, 2331, 2265, 2212, 2210, 2202, 2188, 2166, 2158, 2141, 2131, 2111, 2100, 2083, 2062, 2032, 2000, 1975, 1951, 1925, 1896, 1864, 1829, 1793, 1792, 1790, 1788, 1784, 1784]
[4089, 4077, 4059, 4035, 4016, 3991, 3960, 3931, 3900, 3863, 3820, 3779, 3732, 3679, 3618, 3551, 3476, 3395, 3306, 3233, 3150, 3088, 3021, 2947, 2871, 2792, 2709, 2622, 2549, 2469, 2382, 2286, 2187, 2082, 1974, 1886, 1793, 1696, 1592, 1483, 1367, 1247, 1177, 1105, 1031, 951, 867, 783, 765, 749, 731, 711, 689, 665, 641, 615, 601, 589, 573, 555, 533, 509, 481, 451, 434, 414, 399, 382, 361, 344, 324, 300, 277, 252, 240, 228, 214, 197, 182, 182, 179, 172, 164, 154, 142, 129, 118, 109, 101, 94, 94, 94, 94, 94, 94, 94, 94, 94]
[4092, 4087, 4075, 4064, 4047, 4024, 3993, 3956, 3918, 3876, 3830, 3801, 3767, 3728, 3682, 3631, 3574, 3512, 3443, 3399, 3349, 3292, 3227, 3155, 3075, 2994, 2908, 2817, 2720, 2618, 2544, 2460, 2371, 2274, 2172, 2064, 1981, 1934, 1895, 1848, 1797, 1741, 1683, 1621, 1556, 1487, 1414, 1339, 1260, 1179, 1096, 1012, 924, 842, 762, 715, 672, 632, 593, 593, 589, 587, 581, 573, 565, 556, 545, 531, 515, 495, 492, 482, 464, 440, 412, 379, 351, 323, 294, 263, 233, 203, 173, 145, 145, 141, 134, 123, 111, 109, 109]
[4089, 4077, 4059, 4035, 4005, 3969, 3927, 3879, 3825, 3765, 3699, 3664, 3626, 3585, 3540, 3492, 3440, 3385, 3326, 3296, 3264, 3231, 3196, 3160, 3122, 3083, 3065, 3041, 3012, 2975, 2954, 2927, 2894, 2857, 2815, 2795, 2772, 2746, 2712, 2675, 2636, 2619, 2599, 2576, 2560, 2541, 2527, 2510, 2490, 2466, 2441, 2416, 2402, 2402, 2401, 2401]
[4089, 4077, 4066, 4053, 4049, 4041, 4029, 4014, 3997, 3976, 3951, 3947, 3947, 3945, 3942, 3942]





































